919932376233
917566867631
919526518163
919761476904
917547900529
918305999200
919612977087
919058522215
919544496659
919487463928
919158283290
919325406815
919030629120
919689493553
919787383838
919846078324
919417292822
919424442894
919848132728
919923494833
919312247627
919986071495
919949671000
919840068295
919967554452
919840150952
919873459459
919422105033
919444170159
919250214423
919938397940
919811691409
919810452403
919125222017
919716723094
919831193864
919850336956
919822036005
919844556296
917529986675
919341154387
917741009425
917860660660
919324536874
919595604804
919822196129
919823181874
919818392001
919762036786
919367642324
919811124011
919415042110
918961427659
919371467878
919907720330
919177958899
919908700153
919212076741
919964447771
918860089921
919874531204
919810426350
919320007047
919820302739
919910111400
919968917896
918087348288
918987451855
919822546746
919891393786
919324354797
919300627597
919331019207
919444484264
919911435300
919677323660
919326505016
919387835720
919422305687
919836091192
919895298341
919530034289
919660931685
919810314451
919892444116
919811077550
919891014488
919918161067
919314577888
919962155401
919717999417
919096037838
919960732978
919415262318
919845440593
919818697047
919650992814
919949325096
919971069697
919811948998
919867579890
919940354072
919500479535
919448440300
919893133321
917387971041
919122333366
919899427969
919952586501
919990610830
919545935050
919304459112
919830064556
919553157023
919600951732
919025027210
919980607646
919136342030
919911565232
919849618389
919994650612
919872200183
917838963863
919884552921
919841898261
919423142103
919922760694
919916731988
919619494623
917869390998
919822385063
919036379658
919814053213
918421606554
919763356557
919004377899
919559970002
918898442498
919975970242
918149331010
917860703898
918130221222
919382737971
919919622225
919811153003
919887806417
919860157266
919448046695
919826454780
919304838144
919440094862
918105661300
919012122970
919940341216
918698805786
919335426397
919830535952
917053017070
919971284875
919669877116
919891598924
919322853606
919918601386
919999862035
919873046501
919820704839
919990001955
919941959485
919811148163
919818881486
919874424594
919833263677
919452210284
919011822615
919830126259
919840041916
919855130007
919911804285
919321766756
919894839738
919211131102
917411151401
919702782497
918883310774
919440049236
919790301864
918960091000
919356042496
919951211959
919313324337
919620462495
919821286985
919745285612
918179750082
919252520621
919158227711
919811622655
919899376677
919494440166
919833586146
919844323628
918801543171
918420199443
919822345945
919867137526
919811778023
919907245086
919715464333
919823216544
919811643230
919496345497
919424419278
919923076072
919764246311
919881766199
919656859562
918889788967
918003999353
919971432910
919822354982
918888436026
919322209797
919437015711
919990333498
917023677773
919990283902
919849427643
919160518067
919853331661
919773109638
919890903283
919898510127
918411843146
919975776077
919503141896
918977687097
919168108899
919035267550
919782798474
919814153212
919899874681
919620991128
919829114996
919560750985
919999113582
919888304100
919826278659
919842215335
918180952324
917408416421
919899900987
919789397810
919850744779
919872348000
919899722511
919845339928
919702707159
919985085537
919654647652
919810247634
919833935925
919899309110
919962022235
919826072805
919350590229
919920028221
919876193226
919814612121
919846767986
919811337190
919565439540
919842373029
919675433305
919870592995
919926718432
919841962703
919538419080
919820169751
919895067850
919594030101
919903571745
919620307859
919992000424
918872829811
919849024852
919600372870
919811514664
919820006189
919014530631
917598872257
919391373555
918606200138
919993099960
919329065181
918421288773
919444414700
919848050826
919940243889
919740335840
919711253191
919944831440
919959364669
919007788000
918792067735
919324110041
919840903252
919958544142
917838872494
919414051561
919930919945
919839940367
919866591448
919680568728
917738848547
918237215821
919922970347
919835388381
918802314933
919655975981
919425900036
919560767709
919899661690
918420390804
919650507411
919964726575
918106529141
919448172470
919225600000
919425311596
919870116677
919912345442
918885544259
919890579979
919975280381
919494351935
919381013027
919852223482
919444054685
919810205328
919884978430
919790973655
919850268555
919663773609
919358506359
917396557791
919250747456
919961246163
919004757321
919820529134
919890845727
919980346939
917396258100
919890670537
918510011606
919780956424
919421706661
919250036152
919930320404
919212811460
919422776182
919922497533
918121971005
919346998133
919226251816
919969006805
919902078813
919163246145
919250565403
919831685820
919922487282
919881407678
918017922539
919935440012
919762542203
917350802520
917790919749
919226876139
917835961426
919497157898
919940506087
919225321114
919015969070
919944876661
919011063839
919627188886
918527848500
919893055111
919765360333
919989352509
919814407650
919899657592
919831958064
919929934347
918375020217
919971998994
919415360854
919899091092
918800128114
918500002762
919502165236
919819013484
918975324637
919370000161
919952961408
919849834162
919312449757
919314667300
919223511234
919358726185
919349107147
919810300813
919035765662
919821382539
919811547526
919460759692
919930102905
919967769855
919412182088
919961269002
919780212040
919145536710
919818166609
919840499647
918108202841
919000860960
919850612367
919999990502
918960731116
919619474545
919967909966
919143115772
919899085279
919922445029
919380463464
917838952771
919881572290
919370705450
919654442597
918878909018
919750852625
919355348463
918590599199
919334613389
919820238636
919850025625
919816781768
919810292034
919810546852
919821044727
919822644730
919350580319
919437941222
919789794811
919892902059
918553635106
918527225207
919884635830
919848351043
919836229847
919860040607
917037164187
919922894126
918095333444
917416220760
919334099440
919910684438
919945737999
919894230376
919437301973
919893551098
919440275587
919717692318
917396340200
919650920348
919748073987
919001252001
919608826921
919422772236
917379707373
919826226077
919006995775
919999971727
919316134925
919985698155
918573889000
919417083421
919820526088
919417870144
919448207710
919873653415
919417141295
919867251858
919855288099
919867562961
919553456668
919960021356
919988113891
919561685454
919888449094
918828414838
919664207982
919993236701
919310589674
918861526501
919819943750
918552041753
919847470043
919881083370
919811748711
919871670708